Crossing 1 , with camera model 1,
operates days: [0, 1, 1, 0, 1, 1, 1],
covers (j, d): {(3, 4), (3, 1), (0, 2), (0, 5), (2, 2), (1, 6), (2, 5), (3, 6), (0, 1), (2, 4), (1, 2), (0, 4), (2, 1), (1, 5), (3, 2), (3, 5), (1, 1), (1, 4), (0, 6), (2, 6)}

Crossing 2 , with camera model 1,
operates days: [1, 0, 0, 1, 1, 0, 1],
covers (j, d): {(2, 4), (0, 4), (3, 4), (0, 0), (0, 3), (2, 0), (1, 4), (0, 6), (2, 3), (3, 0), (3, 3), (2, 6), (3, 6), (1, 0), (1, 6), (1, 3)}

Total cost = 87.0;
Execution time = 1.4799069999753556;
