K = 75;

P = [ 25 78 69 66 60 50 29 63 17 44 63 36 46 53 64 87 84 90 81 88 90 87 56 57 96 12 13 23 99 59 27 56 75 34 31 96 52 97 47 20 70 85 76 75 63 27 76 92 30 18 71 64 91 99 16 82 18 68 58 97 33 30 91 39 21 50 60 58 83 91 71 88 38 93 72 ];

R = [ 32 4 47 35 12 5 14 17 11 35 18 2 15 17 30 27 28 39 22 15 26 8 42 7 10 21 26 43 16 50 37 6 48 15 5 28 3 22 27 40 1 39 2 9 35 49 24 14 5 11 44 38 47 22 40 14 15 23 14 18 1 26 46 35 43 13 13 22 5 12 35 33 37 46 30 ];

A = [ 6 4 5 5 3 3 3 2 6 5 6 3 3 4 4 4 4 5 2 3 6 5 4 4 3 4 5 2 2 2 4 6 2 6 6 2 2 4 5 3 5 2 4 2 3 2 6 3 3 2 3 2 4 5 4 4 6 5 6 6 6 3 4 3 4 5 4 2 6 4 4 3 5 4 6 ];

C = [ 3 4 9 7 7 2 4 2 6 9 3 6 9 5 8 2 7 9 2 9 7 8 6 8 8 5 7 9 5 6 2 4 2 3 5 7 2 9 8 5 8 9 7 6 6 9 7 2 7 7 9 6 8 9 5 6 8 8 7 8 2 4 5 2 2 9 3 8 3 2 9 9 5 9 2 ];

N = 75;

M = [
[ 0 43 33 24 15 6 14 13 8 6 40 34 14 5 16 40 26 5 34 50 46 24 19 13 40 20 45 20 31 20 13 37 33 17 48 9 23 24 25 15 48 47 24 12 20 47 42 11 47 13 31 13 25 17 37 43 39 34 26 39 42 30 18 40 10 6 30 43 36 47 16 41 4 36 43 ]
[ 43 0 19 33 29 26 36 50 32 10 26 24 16 30 7 28 27 22 26 9 4 18 49 33 7 24 3 21 22 49 6 20 19 45 23 4 27 23 18 8 9 50 4 29 27 21 34 41 26 28 31 15 24 10 29 41 7 29 6 18 31 6 10 25 31 4 46 16 22 32 5 12 45 23 6 ]
[ 33 19 0 29 43 29 13 2 14 36 42 29 42 27 14 19 24 27 16 21 12 11 4 44 47 20 48 7 19 50 36 46 9 19 45 50 29 13 46 15 13 37 49 14 5 38 18 3 14 46 45 24 2 26 47 50 32 43 12 2 38 32 46 16 18 2 47 8 25 48 21 43 24 30 49 ]
[ 24 33 29 0 16 3 11 32 14 17 35 30 19 28 35 19 50 2 21 27 47 47 43 46 18 8 44 13 49 24 11 20 21 12 44 25 46 13 33 12 21 5 39 41 21 30 20 22 18 38 41 31 17 39 33 1 38 26 2 6 12 39 2 16 7 31 16 21 46 39 2 28 16 40 24 ]
[ 15 29 43 16 0 33 36 15 42 27 23 29 22 36 22 8 37 1 10 6 46 33 47 3 25 2 19 12 20 48 2 13 44 9 33 18 28 35 37 30 17 47 48 32 46 13 27 14 20 35 43 7 41 10 42 50 19 5 12 8 1 43 28 35 33 27 25 17 30 11 16 44 38 14 46 ]
[ 6 26 29 3 33 0 30 20 41 15 46 14 12 45 29 1 33 26 31 29 44 32 6 50 50 37 4 40 43 47 12 42 47 7 21 16 32 37 36 23 44 39 41 5 3 30 26 9 25 31 16 23 25 49 20 41 15 7 12 33 40 3 47 28 37 4 28 25 38 46 21 22 20 27 8 ]
[ 14 36 13 11 36 30 0 31 28 30 16 13 38 46 33 9 4 23 3 44 14 28 7 34 7 45 29 28 9 31 37 7 45 26 37 21 7 24 30 28 9 16 7 46 12 29 40 47 3 23 14 28 9 36 39 43 46 36 28 32 12 48 14 45 40 25 14 6 18 25 41 4 27 28 8 ]
[ 13 50 2 32 15 20 31 0 30 29 5 9 7 38 31 20 8 4 3 43 46 8 18 19 13 33 29 38 22 27 14 23 24 23 29 34 39 16 23 43 5 35 26 12 6 39 30 33 13 19 37 1 4 18 42 9 11 3 33 6 12 30 26 42 20 22 14 35 34 39 11 26 21 15 17 ]
[ 8 32 14 14 42 41 28 30 0 41 29 12 25 18 3 25 10 45 22 16 49 15 4 42 15 31 14 17 26 6 8 32 5 42 8 22 42 35 21 47 37 13 47 31 12 32 45 16 45 21 23 24 38 42 13 5 50 36 8 47 4 4 28 38 43 38 39 11 2 10 1 4 11 30 1 ]
[ 6 10 36 17 27 15 30 29 41 0 30 29 21 44 14 46 24 4 31 23 48 31 5 39 35 11 33 33 12 44 14 47 45 50 15 9 26 39 44 31 41 30 6 35 50 25 2 38 29 10 7 39 13 41 29 42 10 32 16 46 20 42 35 25 41 30 15 16 42 50 33 15 8 4 18 ]
[ 40 26 42 35 23 46 16 5 29 30 0 9 2 24 35 42 11 18 29 22 34 48 40 41 38 1 23 31 8 11 21 49 38 31 24 19 43 27 23 15 12 45 50 15 49 6 27 32 8 2 6 9 33 28 22 48 12 3 49 11 7 23 41 28 4 25 47 1 13 25 48 17 22 2 41 ]
[ 34 24 29 30 29 14 13 9 12 29 9 0 42 21 32 22 39 33 19 16 28 50 25 38 4 27 4 12 20 41 38 29 36 41 14 19 45 24 18 7 12 50 10 48 48 21 18 10 43 25 5 21 47 12 43 49 40 42 26 50 13 11 24 24 41 7 37 12 41 21 33 12 17 23 48 ]
[ 14 16 42 19 22 12 38 7 25 21 2 42 0 42 4 35 47 50 18 9 29 23 15 20 43 1 48 9 8 2 21 29 26 36 27 39 22 42 41 9 36 20 26 40 21 16 11 18 41 29 28 6 2 48 4 43 46 11 27 14 6 47 6 47 47 46 27 40 48 20 14 23 26 29 29 ]
[ 5 30 27 28 36 45 46 38 18 44 24 21 42 0 15 6 32 20 49 10 43 50 29 35 1 30 46 27 10 21 14 42 8 1 4 32 17 31 38 26 17 1 49 43 38 21 22 23 10 10 14 17 41 9 17 22 32 15 32 47 42 19 30 18 34 32 6 44 16 37 19 17 46 8 40 ]
[ 16 7 14 35 22 29 33 31 3 14 35 32 4 15 0 40 39 15 41 19 11 49 49 4 17 39 17 8 43 32 8 29 27 18 48 40 10 48 22 19 44 19 19 15 41 17 8 14 12 16 17 26 31 16 21 20 17 44 8 25 15 2 27 1 7 33 21 49 41 21 43 10 42 7 8 ]
[ 40 28 19 19 8 1 9 20 25 46 42 22 35 6 40 0 13 32 27 23 42 14 31 8 39 17 10 24 35 20 32 36 16 26 36 34 22 30 46 23 14 48 36 47 34 31 26 35 5 41 11 24 28 5 34 42 48 36 26 5 3 25 27 42 7 43 24 9 27 32 3 4 22 31 13 ]
[ 26 27 24 50 37 33 4 8 10 24 11 39 47 32 39 13 0 15 28 10 18 31 23 43 48 10 17 10 14 5 13 34 6 50 2 38 6 3 31 29 39 50 48 14 37 31 44 35 40 47 44 40 19 13 11 30 25 32 46 30 16 30 48 17 47 17 9 38 13 26 32 30 45 9 7 ]
[ 5 22 27 2 1 26 23 4 45 4 18 33 50 20 15 32 15 0 39 32 50 13 42 48 46 32 48 46 46 6 34 18 27 2 26 1 20 33 40 33 5 14 13 16 23 13 45 22 18 20 46 9 19 49 26 15 23 33 5 5 29 10 11 18 40 43 47 25 37 30 47 40 5 49 26 ]
[ 34 26 16 21 10 31 3 3 22 31 29 19 18 49 41 27 28 39 0 35 30 29 45 1 48 45 21 33 33 13 26 21 10 16 31 14 20 18 49 42 48 47 29 3 18 30 9 14 33 13 39 6 44 15 3 26 3 11 18 5 21 43 7 29 4 45 7 16 20 25 9 16 43 6 30 ]
[ 50 9 21 27 6 29 44 43 16 23 22 16 9 10 19 23 10 32 35 0 34 17 2 40 23 37 21 11 18 50 30 40 1 20 20 24 6 40 33 3 26 1 45 1 17 33 12 5 3 21 37 28 34 16 28 45 5 1 37 40 6 44 1 17 4 35 35 35 13 41 26 16 33 16 11 ]
[ 46 4 12 47 46 44 14 46 49 48 34 28 29 43 11 42 18 50 30 34 0 11 13 29 25 49 42 3 48 5 42 18 14 11 29 3 13 47 49 7 12 35 3 27 27 3 13 18 40 20 7 16 38 19 49 5 2 32 16 14 46 33 11 48 34 6 42 16 23 7 9 22 28 41 49 ]
[ 24 18 11 47 33 32 28 8 15 31 48 50 23 50 49 14 31 13 29 17 11 0 4 21 39 22 38 20 46 43 9 11 19 16 21 22 7 1 45 19 42 47 29 33 49 13 18 14 12 34 26 46 13 28 27 44 38 41 38 31 37 31 39 42 39 49 40 40 49 16 21 15 40 47 42 ]
[ 19 49 4 43 47 6 7 18 4 5 40 25 15 29 49 31 23 42 45 2 13 4 0 3 29 21 20 21 39 24 19 12 21 46 1 38 10 10 45 46 9 39 39 45 50 15 6 18 48 17 21 29 37 37 33 48 42 13 46 40 9 22 31 35 41 5 15 12 2 13 34 7 37 41 6 ]
[ 13 33 44 46 3 50 34 19 42 39 41 38 20 35 4 8 43 48 1 40 29 21 3 0 22 34 30 33 5 47 38 26 2 6 46 4 24 38 1 26 38 38 24 38 43 37 37 47 4 10 19 20 12 29 50 2 29 8 50 47 36 24 10 16 47 13 3 3 16 41 36 35 39 31 40 ]
[ 40 7 47 18 25 50 7 13 15 35 38 4 43 1 17 39 48 46 48 23 25 39 29 22 0 33 30 26 41 18 39 43 19 34 37 41 45 43 40 18 19 5 13 23 41 22 25 33 13 30 19 45 40 35 7 37 9 19 35 26 42 27 23 39 28 3 14 40 33 39 41 41 28 14 9 ]
[ 20 24 20 8 2 37 45 33 31 11 1 27 1 30 39 17 10 32 45 37 49 22 21 34 33 0 20 21 35 21 19 17 42 9 30 4 47 10 29 33 34 40 36 40 15 10 24 44 20 35 21 16 26 10 41 23 36 28 16 36 41 33 25 15 14 15 46 48 35 7 23 10 34 39 1 ]
[ 45 3 48 44 19 4 29 29 14 33 23 4 48 46 17 10 17 48 21 21 42 38 20 30 30 20 0 39 50 36 7 10 3 38 40 17 2 29 4 42 14 32 42 8 6 27 36 34 43 23 11 31 8 41 20 21 31 14 44 38 46 47 40 23 28 21 5 11 32 27 5 5 16 20 40 ]
[ 20 21 7 13 12 40 28 38 17 33 31 12 9 27 8 24 10 46 33 11 3 20 21 33 26 21 39 0 43 4 42 23 5 11 6 31 36 6 37 19 49 19 30 17 41 21 1 18 23 45 33 34 28 19 7 19 40 26 30 36 49 24 29 9 35 28 19 36 38 27 36 12 21 5 15 ]
[ 31 22 19 49 20 43 9 22 26 12 8 20 8 10 43 35 14 46 33 18 48 46 39 5 41 35 50 43 0 12 11 10 23 50 20 48 15 4 18 31 23 16 27 24 48 35 23 37 6 31 42 50 38 47 9 24 34 16 28 4 1 31 45 3 15 49 43 9 27 18 2 22 11 10 30 ]
[ 20 49 50 24 48 47 31 27 6 44 11 41 2 21 32 20 5 6 13 50 5 43 24 47 18 21 36 4 12 0 47 31 28 18 30 36 13 32 23 37 46 3 24 49 7 45 8 1 23 5 28 11 3 32 1 21 48 20 29 19 36 45 4 12 24 45 2 47 46 19 15 19 18 9 23 ]
[ 13 6 36 11 2 12 37 14 8 14 21 38 21 14 8 32 13 34 26 30 42 9 19 38 39 19 7 42 11 47 0 18 37 32 1 5 6 46 2 33 14 20 13 31 37 41 12 45 39 21 18 19 19 29 11 24 6 38 44 2 4 12 7 44 32 8 43 40 40 17 28 32 17 39 6 ]
[ 37 20 46 20 13 42 7 23 32 47 49 29 29 42 29 36 34 18 21 40 18 11 12 26 43 17 10 23 10 31 18 0 8 35 22 29 27 9 45 47 42 15 16 15 31 6 48 13 1 21 48 24 9 16 31 26 41 1 4 34 31 28 13 22 17 5 27 24 33 18 43 1 31 3 37 ]
[ 33 19 9 21 44 47 45 24 5 45 38 36 26 8 27 16 6 27 10 1 14 19 21 2 19 42 3 5 23 28 37 8 0 14 45 32 20 41 40 24 47 20 18 6 10 15 38 4 49 22 19 18 35 21 15 31 10 1 19 42 18 29 8 33 19 43 37 40 13 24 7 17 17 2 23 ]
[ 17 45 19 12 9 7 26 23 42 50 31 41 36 1 18 26 50 2 16 20 11 16 46 6 34 9 38 11 50 18 32 35 14 0 6 19 20 22 6 23 25 6 4 27 34 17 24 22 40 34 46 24 30 27 9 46 1 42 39 46 27 5 50 32 37 27 12 15 42 21 7 10 37 18 8 ]
[ 48 23 45 44 33 21 37 29 8 15 24 14 27 4 48 36 2 26 31 20 29 21 1 46 37 30 40 6 20 30 1 22 45 6 0 6 25 33 13 32 3 39 35 10 47 20 26 28 40 20 15 45 49 12 28 23 39 23 46 40 13 14 5 28 42 31 23 42 28 5 21 36 23 35 41 ]
[ 9 4 50 25 18 16 21 34 22 9 19 19 39 32 40 34 38 1 14 24 3 22 38 4 41 4 17 31 48 36 5 29 32 19 6 0 1 36 38 22 14 2 10 18 34 24 43 35 2 4 3 11 26 10 24 10 38 45 13 16 46 24 21 1 17 39 15 5 44 10 19 29 23 50 20 ]
[ 23 27 29 46 28 32 7 39 42 26 43 45 22 17 10 22 6 20 20 6 13 7 10 24 45 47 2 36 15 13 6 27 20 20 25 1 0 2 12 31 13 35 23 50 9 1 15 41 4 10 28 36 40 2 45 38 20 24 3 42 33 50 27 19 26 39 19 30 16 17 28 5 34 49 45 ]
[ 24 23 13 13 35 37 24 16 35 39 27 24 42 31 48 30 3 33 18 40 47 1 10 38 43 10 29 6 4 32 46 9 41 22 33 36 2 0 47 29 26 40 31 32 18 38 24 31 11 31 23 25 46 7 13 25 1 25 10 47 16 15 31 16 4 24 29 33 16 34 32 18 14 43 10 ]
[ 25 18 46 33 37 36 30 23 21 44 23 18 41 38 22 46 31 40 49 33 49 45 45 1 40 29 4 37 18 23 2 45 40 6 13 38 12 47 0 26 5 3 14 38 6 18 30 31 43 11 7 46 17 15 43 48 18 4 48 29 25 27 1 11 26 35 17 29 43 3 43 9 44 49 16 ]
[ 15 8 15 12 30 23 28 43 47 31 15 7 9 26 19 23 29 33 42 3 7 19 46 26 18 33 42 19 31 37 33 47 24 23 32 22 31 29 26 0 39 46 14 35 38 22 40 21 48 23 2 30 48 33 6 13 43 5 13 21 27 30 17 8 7 17 32 41 3 47 1 27 16 30 7 ]
[ 48 9 13 21 17 44 9 5 37 41 12 12 36 17 44 14 39 5 48 26 12 42 9 38 19 34 14 49 23 46 14 42 47 25 3 14 13 26 5 39 0 21 24 26 36 40 8 4 30 33 25 10 41 19 3 24 35 26 6 11 43 30 41 38 9 47 10 17 10 4 36 44 45 14 35 ]
[ 47 50 37 5 47 39 16 35 13 30 45 50 20 1 19 48 50 14 47 1 35 47 39 38 5 40 32 19 16 3 20 15 20 6 39 2 35 40 3 46 21 0 45 22 6 25 14 10 39 6 11 39 18 16 6 14 8 7 25 24 25 25 18 32 15 50 1 7 17 42 49 38 13 40 12 ]
[ 24 4 49 39 48 41 7 26 47 6 50 10 26 49 19 36 48 13 29 45 3 29 39 24 13 36 42 30 27 24 13 16 18 4 35 10 23 31 14 14 24 45 0 9 48 50 33 7 27 13 38 33 32 8 14 27 34 9 13 38 7 8 28 46 31 6 15 7 21 28 9 49 46 32 25 ]
[ 12 29 14 41 32 5 46 12 31 35 15 48 40 43 15 47 14 16 3 1 27 33 45 38 23 40 8 17 24 49 31 15 6 27 10 18 50 32 38 35 26 22 9 0 45 9 46 42 48 26 46 33 5 4 16 43 17 39 50 39 2 38 46 34 1 21 8 13 13 49 42 3 41 41 11 ]
[ 20 27 5 21 46 3 12 6 12 50 49 48 21 38 41 34 37 23 18 17 27 49 50 43 41 15 6 41 48 7 37 31 10 34 47 34 9 18 6 38 36 6 48 45 0 15 31 5 49 23 43 50 48 33 18 18 23 48 42 3 33 10 29 48 41 41 9 35 15 5 27 47 25 8 49 ]
[ 47 21 38 30 13 30 29 39 32 25 6 21 16 21 17 31 31 13 30 33 3 13 15 37 22 10 27 21 35 45 41 6 15 17 20 24 1 38 18 22 40 25 50 9 15 0 19 36 40 15 2 47 20 33 41 43 13 12 35 43 26 31 47 50 20 40 15 16 43 23 13 21 49 15 50 ]
[ 42 34 18 20 27 26 40 30 45 2 27 18 11 22 8 26 44 45 9 12 13 18 6 37 25 24 36 1 23 8 12 48 38 24 26 43 15 24 30 40 8 14 33 46 31 19 0 23 41 27 28 49 1 13 23 16 5 43 30 40 15 19 1 39 27 43 1 40 39 43 24 22 27 20 15 ]
[ 11 41 3 22 14 9 47 33 16 38 32 10 18 23 14 35 35 22 14 5 18 14 18 47 33 44 34 18 37 1 45 13 4 22 28 35 41 31 31 21 4 10 7 42 5 36 23 0 1 33 4 41 23 12 12 26 7 1 47 26 22 39 40 27 39 42 34 41 45 37 11 28 7 45 43 ]
[ 47 26 14 18 20 25 3 13 45 29 8 43 41 10 12 5 40 18 33 3 40 12 48 4 13 20 43 23 6 23 39 1 49 40 40 2 4 11 43 48 30 39 27 48 49 40 41 1 0 38 3 21 11 14 50 36 1 14 3 9 14 28 23 45 27 20 50 43 25 34 48 8 49 21 46 ]
[ 13 28 46 38 35 31 23 19 21 10 2 25 29 10 16 41 47 20 13 21 20 34 17 10 30 35 23 45 31 5 21 21 22 34 20 4 10 31 11 23 33 6 13 26 23 15 27 33 38 0 17 5 26 47 44 23 3 41 2 48 41 44 37 5 18 47 26 49 11 14 34 2 4 28 12 ]
[ 31 31 45 41 43 16 14 37 23 7 6 5 28 14 17 11 44 46 39 37 7 26 21 19 19 21 11 33 42 28 18 48 19 46 15 3 28 23 7 2 25 11 38 46 43 2 28 4 3 17 0 13 22 32 14 19 26 46 50 12 43 16 45 14 9 42 16 21 5 33 17 21 36 6 2 ]
[ 13 15 24 31 7 23 28 1 24 39 9 21 6 17 26 24 40 9 6 28 16 46 29 20 45 16 31 34 50 11 19 24 18 24 45 11 36 25 46 30 10 39 33 33 50 47 49 41 21 5 13 0 24 49 35 37 8 42 45 1 40 5 22 44 26 43 30 34 44 46 28 49 21 1 26 ]
[ 25 24 2 17 41 25 9 4 38 13 33 47 2 41 31 28 19 19 44 34 38 13 37 12 40 26 8 28 38 3 19 9 35 30 49 26 40 46 17 48 41 18 32 5 48 20 1 23 11 26 22 24 0 7 26 39 20 5 34 46 33 39 30 44 22 37 35 45 6 6 5 24 4 8 4 ]
[ 17 10 26 39 10 49 36 18 42 41 28 12 48 9 16 5 13 49 15 16 19 28 37 29 35 10 41 19 47 32 29 16 21 27 12 10 2 7 15 33 19 16 8 4 33 33 13 12 14 47 32 49 7 0 4 4 49 47 34 7 13 20 12 37 16 13 42 11 26 12 17 48 1 7 13 ]
[ 37 29 47 33 42 20 39 42 13 29 22 43 4 17 21 34 11 26 3 28 49 27 33 50 7 41 20 7 9 1 11 31 15 9 28 24 45 13 43 6 3 6 14 16 18 41 23 12 50 44 14 35 26 4 0 36 8 47 14 46 28 36 27 50 7 14 44 25 14 47 24 3 20 37 9 ]
[ 43 41 50 1 50 41 43 9 5 42 48 49 43 22 20 42 30 15 26 45 5 44 48 2 37 23 21 19 24 21 24 26 31 46 23 10 38 25 48 13 24 14 27 43 18 43 16 26 36 23 19 37 39 4 36 0 25 24 12 26 10 12 2 17 20 14 34 36 18 32 27 40 4 39 36 ]
[ 39 7 32 38 19 15 46 11 50 10 12 40 46 32 17 48 25 23 3 5 2 38 42 29 9 36 31 40 34 48 6 41 10 1 39 38 20 1 18 43 35 8 34 17 23 13 5 7 1 3 26 8 20 49 8 25 0 35 40 9 26 6 25 33 40 36 7 45 46 42 35 25 3 12 32 ]
[ 34 29 43 26 5 7 36 3 36 32 3 42 11 15 44 36 32 33 11 1 32 41 13 8 19 28 14 26 16 20 38 1 1 42 23 45 24 25 4 5 26 7 9 39 48 12 43 1 14 41 46 42 5 47 47 24 35 0 24 18 23 20 42 38 9 8 40 5 24 24 4 12 33 32 22 ]
[ 26 6 12 2 12 12 28 33 8 16 49 26 27 32 8 26 46 5 18 37 16 38 46 50 35 16 44 30 28 29 44 4 19 39 46 13 3 10 48 13 6 25 13 50 42 35 30 47 3 2 50 45 34 34 14 12 40 24 0 25 24 32 20 38 41 45 32 46 7 25 26 36 45 12 50 ]
[ 39 18 2 6 8 33 32 6 47 46 11 50 14 47 25 5 30 5 5 40 14 31 40 47 26 36 38 36 4 19 2 34 42 46 40 16 42 47 29 21 11 24 38 39 3 43 40 26 9 48 12 1 46 7 46 26 9 18 25 0 50 23 13 46 40 3 23 37 46 5 37 38 31 11 3 ]
[ 42 31 38 12 1 40 12 12 4 20 7 13 6 42 15 3 16 29 21 6 46 37 9 36 42 41 46 49 1 36 4 31 18 27 13 46 33 16 25 27 43 25 7 2 33 26 15 22 14 41 43 40 33 13 28 10 26 23 24 50 0 7 25 5 49 36 22 13 4 19 28 7 2 10 35 ]
[ 30 6 32 39 43 3 48 30 4 42 23 11 47 19 2 25 30 10 43 44 33 31 22 24 27 33 47 24 31 45 12 28 29 5 14 24 50 15 27 30 30 25 8 38 10 31 19 39 28 44 16 5 39 20 36 12 6 20 32 23 7 0 39 22 26 3 2 13 43 38 9 18 49 11 3 ]
[ 18 10 46 2 28 47 14 26 28 35 41 24 6 30 27 27 48 11 7 1 11 39 31 10 23 25 40 29 45 4 7 13 8 50 5 21 27 31 1 17 41 18 28 46 29 47 1 40 23 37 45 22 30 12 27 2 25 42 20 13 25 39 0 33 14 19 37 23 25 2 5 35 34 48 8 ]
[ 40 25 16 16 35 28 45 42 38 25 28 24 47 18 1 42 17 18 29 17 48 42 35 16 39 15 23 9 3 12 44 22 33 32 28 1 19 16 11 8 38 32 46 34 48 50 39 27 45 5 14 44 44 37 50 17 33 38 38 46 5 22 33 0 36 38 31 29 17 38 30 33 19 15 48 ]
[ 10 31 18 7 33 37 40 20 43 41 4 41 47 34 7 7 47 40 4 4 34 39 41 47 28 14 28 35 15 24 32 17 19 37 42 17 26 4 26 7 9 15 31 1 41 20 27 39 27 18 9 26 22 16 7 20 40 9 41 40 49 26 14 36 0 49 31 13 46 44 28 6 50 47 38 ]
[ 6 4 2 31 27 4 25 22 38 30 25 7 46 32 33 43 17 43 45 35 6 49 5 13 3 15 21 28 49 45 8 5 43 27 31 39 39 24 35 17 47 50 6 21 41 40 43 42 20 47 42 43 37 13 14 14 36 8 45 3 36 3 19 38 49 0 31 42 35 17 19 36 29 49 26 ]
[ 30 46 47 16 25 28 14 14 39 15 47 37 27 6 21 24 9 47 7 35 42 40 15 3 14 46 5 19 43 2 43 27 37 12 23 15 19 29 17 32 10 1 15 8 9 15 1 34 50 26 16 30 35 42 44 34 7 40 32 23 22 2 37 31 31 31 0 7 47 21 50 19 6 32 13 ]
[ 43 16 8 21 17 25 6 35 11 16 1 12 40 44 49 9 38 25 16 35 16 40 12 3 40 48 11 36 9 47 40 24 40 15 42 5 30 33 29 41 17 7 7 13 35 16 40 41 43 49 21 34 45 11 25 36 45 5 46 37 13 13 23 29 13 42 7 0 31 24 29 37 30 8 41 ]
[ 36 22 25 46 30 38 18 34 2 42 13 41 48 16 41 27 13 37 20 13 23 49 2 16 33 35 32 38 27 46 40 33 13 42 28 44 16 16 43 3 10 17 21 13 15 43 39 45 25 11 5 44 6 26 14 18 46 24 7 46 4 43 25 17 46 35 47 31 0 44 44 7 47 40 32 ]
[ 47 32 48 39 11 46 25 39 10 50 25 21 20 37 21 32 26 30 25 41 7 16 13 41 39 7 27 27 18 19 17 18 24 21 5 10 17 34 3 47 4 42 28 49 5 23 43 37 34 14 33 46 6 12 47 32 42 24 25 5 19 38 2 38 44 17 21 24 44 0 48 49 45 14 2 ]
[ 16 5 21 2 16 21 41 11 1 33 48 33 14 19 43 3 32 47 9 26 9 21 34 36 41 23 5 36 2 15 28 43 7 7 21 19 28 32 43 1 36 49 9 42 27 13 24 11 48 34 17 28 5 17 24 27 35 4 26 37 28 9 5 30 28 19 50 29 44 48 0 49 24 49 50 ]
[ 41 12 43 28 44 22 4 26 4 15 17 12 23 17 10 4 30 40 16 16 22 15 7 35 41 10 5 12 22 19 32 1 17 10 36 29 5 18 9 27 44 38 49 3 47 21 22 28 8 2 21 49 24 48 3 40 25 12 36 38 7 18 35 33 6 36 19 37 7 49 49 0 32 34 35 ]
[ 4 45 24 16 38 20 27 21 11 8 22 17 26 46 42 22 45 5 43 33 28 40 37 39 28 34 16 21 11 18 17 31 17 37 23 23 34 14 44 16 45 13 46 41 25 49 27 7 49 4 36 21 4 1 20 4 3 33 45 31 2 49 34 19 50 29 6 30 47 45 24 32 0 42 27 ]
[ 36 23 30 40 14 27 28 15 30 4 2 23 29 8 7 31 9 49 6 16 41 47 41 31 14 39 20 5 10 9 39 3 2 18 35 50 49 43 49 30 14 40 32 41 8 15 20 45 21 28 6 1 8 7 37 39 12 32 12 11 10 11 48 15 47 49 32 8 40 14 49 34 42 0 13 ]
[ 43 6 49 24 46 8 8 17 1 18 41 48 29 40 8 13 7 26 30 11 49 42 6 40 9 1 40 15 30 23 6 37 23 8 41 20 45 10 16 7 35 12 25 11 49 50 15 43 46 12 2 26 4 13 9 36 32 22 50 3 35 3 8 48 38 26 13 41 32 2 50 35 27 13 0 ]
 ];

