Crossing 3 , with camera model 17,
operates days: [0, 1, 1, 0, 1, 1, 1],
covers (j, d): {(12, 4), (5, 1), (10, 6), (0, 5), (2, 2), (11, 5), (15, 5), (6, 2), (7, 1), (18, 1), (4, 2), (3, 6), (8, 2), (19, 2), (9, 1), (2, 4), (13, 1), (6, 4), (16, 6), (5, 5), (8, 4), (19, 4), (6, 6), (7, 5), (18, 5), (3, 1), (19, 6), (9, 5), (0, 2), (11, 2), (13, 5), (15, 2), (16, 1), (12, 6), (11, 4), (1, 5), (15, 4), (6, 1), (3, 5), (5, 2), (4, 4), (10, 1), (15, 6), (2, 6), (16, 5), (7, 2), (18, 2), (12, 1), (5, 4), (4, 6), (9, 2), (8, 6), (13, 2), (7, 4), (18, 4), (5, 6), (10, 5), (1, 2), (0, 4), (2, 1), (13, 4), (12, 5), (3, 2), (4, 1), (8, 1), (19, 1), (1, 4), (0, 6), (11, 6), (16, 2), (3, 4), (1, 6), (2, 5), (16, 4), (6, 5), (4, 5), (8, 5), (10, 2), (9, 4), (0, 1), (11, 1), (19, 5), (15, 1), (7, 6), (18, 6), (12, 2), (10, 4), (1, 1), (9, 6), (13, 6)}

Crossing 10 , with camera model 17,
operates days: [1, 1, 0, 1, 1, 1, 0],
covers (j, d): {(12, 4), (4, 0), (17, 3), (8, 0), (19, 0), (0, 5), (11, 5), (15, 5), (7, 1), (17, 5), (9, 1), (2, 4), (13, 1), (6, 4), (7, 3), (8, 4), (19, 4), (9, 3), (0, 0), (11, 0), (13, 3), (15, 0), (7, 5), (3, 1), (14, 1), (17, 0), (9, 5), (1, 3), (13, 5), (16, 1), (3, 3), (14, 3), (11, 4), (1, 5), (15, 4), (6, 1), (16, 3), (7, 0), (3, 5), (14, 5), (4, 4), (17, 4), (9, 0), (10, 1), (13, 0), (16, 5), (12, 1), (10, 3), (1, 0), (7, 4), (12, 3), (3, 0), (14, 0), (10, 5), (13, 4), (0, 4), (2, 1), (16, 0), (12, 5), (4, 1), (8, 1), (19, 1), (1, 4), (2, 3), (6, 3), (3, 4), (14, 4), (4, 3), (8, 3), (10, 0), (19, 3), (2, 5), (16, 4), (6, 5), (12, 0), (4, 5), (8, 5), (19, 5), (9, 4), (0, 1), (11, 1), (15, 1), (17, 1), (10, 4), (1, 1), (0, 3), (2, 0), (11, 3), (15, 3), (6, 0)}

Crossing 1 , with camera model 17,
operates days: [1, 0, 1, 1, 0, 0, 1],
covers (j, d): {(4, 0), (4, 3), (17, 0), (4, 6), (9, 2), (8, 0), (17, 3), (19, 0), (17, 6), (0, 2), (8, 3), (10, 0), (10, 6), (8, 6), (10, 3), (1, 0), (1, 6), (11, 2), (19, 3), (1, 3), (15, 2), (14, 6), (19, 6), (6, 2), (12, 0), (4, 2), (3, 0), (12, 3), (14, 0), (12, 6), (3, 3), (5, 0), (5, 6), (14, 3), (3, 6), (5, 3), (8, 2), (17, 2), (19, 2), (10, 2), (1, 2), (16, 0), (16, 3), (7, 0), (18, 0), (16, 6), (7, 3), (18, 3), (7, 6), (18, 6), (12, 2), (3, 2), (14, 2), (5, 2), (9, 0), (9, 3), (0, 0), (11, 0), (9, 6), (0, 3), (11, 3), (0, 6), (11, 6), (16, 2), (15, 0), (15, 6), (7, 2), (6, 0), (6, 6), (15, 3), (18, 2), (6, 3)}

Alpha = 0.1;
Iterations = 50;
Total cost = 110.0;
Execution time = 29390.908189999664;
