Crossing 6 , with camera model 6,
operates days: [1, 1, 1, 1, 1, 0, 0],
covers (j, d): {(4, 0), (3, 4), (4, 3), (3, 1), (5, 4), (5, 1), (0, 2), (2, 2), (1, 0), (1, 3), (6, 2), (4, 2), (3, 0), (3, 3), (5, 0), (5, 3), (0, 1), (2, 4), (1, 2), (0, 4), (2, 1), (6, 1), (6, 4), (3, 2), (4, 1), (5, 2), (4, 4), (0, 0), (1, 1), (0, 3), (2, 0), (1, 4), (2, 3), (6, 0), (6, 3)}

Crossing 3 , with camera model 5,
operates days: [0, 0, 0, 0, 0, 1, 1],
covers (j, d): {(5, 5), (6, 5), (1, 5), (4, 6), (0, 6), (4, 5), (2, 6), (5, 6), (0, 5), (3, 6), (6, 6), (1, 6), (2, 5), (3, 5)}

Crossing 0 , with camera model 5,
operates days: [0, 0, 0, 0, 0, 1, 1],
covers (j, d): {(1, 5), (0, 6), (0, 5), (3, 6), (1, 6), (3, 5)}

Alpha = 0.1;
Iterations = 50;
Total cost = 112.0;
Execution time = 1873.0072680000376;
