Crossing 5 , with camera model 6,
operates days: [1, 1, 1, 0, 0, 1, 1],
covers (j, d): {(4, 0), (3, 1), (4, 6), (5, 1), (8, 0), (9, 2), (9, 5), (0, 2), (0, 5), (2, 2), (1, 0), (1, 6), (8, 6), (2, 5), (6, 2), (7, 1), (6, 5), (4, 2), (3, 0), (4, 5), (5, 0), (5, 6), (3, 6), (8, 2), (9, 1), (8, 5), (0, 1), (1, 2), (2, 1), (1, 5), (6, 1), (7, 0), (7, 6), (3, 2), (4, 1), (3, 5), (5, 2), (9, 0), (5, 5), (0, 0), (8, 1), (1, 1), (9, 6), (2, 0), (0, 6), (2, 6), (7, 2), (6, 0), (6, 6), (7, 5)}

Crossing 0 , with camera model 6,
operates days: [0, 0, 0, 1, 1, 0, 0],
covers (j, d): {(4, 4), (7, 4), (2, 4), (0, 4), (3, 4), (8, 4), (4, 3), (9, 3), (5, 4), (0, 3), (1, 4), (7, 3), (2, 3), (8, 3), (3, 3), (5, 3), (1, 3), (9, 4)}

Crossing 6 , with camera model 8,
operates days: [0, 0, 0, 1, 1, 0, 0],
covers (j, d): {(6, 3), (6, 4)}

Alpha = 0.1;
Iterations = 50;
Total cost = 86.0;
Execution time = 3655.9158659997593;
