Crossing 9 , with camera model 6,
operates days: [1, 1, 1, 1, 1, 0, 0],
covers (j, d): {(12, 4), (23, 4), (4, 0), (27, 4), (5, 1), (8, 0), (17, 3), (19, 0), (28, 3), (2, 2), (6, 2), (29, 4), (7, 1), (18, 1), (21, 0), (4, 2), (5, 3), (8, 2), (19, 2), (9, 1), (2, 4), (13, 1), (24, 1), (6, 4), (7, 3), (18, 3), (21, 2), (22, 3), (8, 4), (19, 4), (9, 3), (0, 0), (11, 0), (13, 3), (15, 0), (24, 3), (26, 0), (21, 4), (27, 1), (3, 1), (14, 1), (17, 0), (28, 0), (0, 2), (11, 2), (1, 3), (15, 2), (25, 4), (16, 1), (26, 2), (20, 1), (3, 3), (5, 0), (14, 3), (17, 2), (28, 2), (11, 4), (15, 4), (6, 1), (16, 3), (7, 0), (18, 0), (26, 4), (20, 3), (22, 0), (5, 2), (4, 4), (17, 4), (9, 0), (28, 4), (29, 2), (10, 1), (13, 0), (24, 0), (7, 2), (18, 2), (22, 2), (12, 1), (23, 1), (5, 4), (9, 2), (10, 3), (1, 0), (13, 2), (24, 2), (25, 1), (7, 4), (18, 4), (29, 1), (22, 4), (12, 3), (3, 0), (14, 0), (23, 3), (27, 3), (1, 2), (0, 4), (2, 1), (13, 4), (16, 0), (24, 4), (25, 3), (26, 1), (29, 3), (20, 0), (3, 2), (14, 2), (4, 1), (8, 1), (19, 1), (1, 4), (2, 3), (16, 2), (6, 3), (20, 2), (21, 1), (3, 4), (14, 4), (4, 3), (8, 3), (10, 0), (19, 3), (16, 4), (20, 4), (22, 1), (21, 3), (12, 0), (23, 0), (27, 0), (10, 2), (9, 4), (0, 1), (11, 1), (25, 0), (15, 1), (29, 0), (12, 2), (23, 2), (27, 2), (17, 1), (28, 1), (10, 4), (1, 1), (0, 3), (2, 0), (11, 3), (25, 2), (15, 3), (6, 0), (26, 3)}

Crossing 16 , with camera model 26,
operates days: [0, 0, 0, 0, 0, 1, 1],
covers (j, d): {(20, 5), (22, 5), (4, 6), (17, 6), (28, 6), (10, 6), (0, 5), (8, 6), (11, 5), (24, 5), (15, 5), (6, 5), (14, 6), (4, 5), (12, 6), (23, 6), (5, 6), (27, 6), (3, 6), (17, 5), (28, 5), (8, 5), (10, 5), (25, 6), (29, 6), (16, 6), (20, 6), (7, 6), (22, 6), (12, 5), (23, 5), (3, 5), (14, 5), (5, 5), (27, 5), (24, 6), (0, 6), (11, 6), (25, 5), (15, 6), (16, 5), (6, 6), (7, 5), (29, 5)}

Crossing 19 , with camera model 26,
operates days: [0, 0, 0, 0, 0, 1, 1],
covers (j, d): {(20, 5), (22, 5), (4, 6), (19, 6), (9, 5), (17, 6), (28, 6), (0, 5), (8, 6), (1, 6), (2, 5), (13, 5), (15, 5), (26, 5), (21, 6), (14, 6), (4, 5), (12, 6), (27, 6), (17, 5), (28, 5), (8, 5), (19, 5), (18, 5), (1, 5), (25, 6), (20, 6), (7, 6), (18, 6), (21, 5), (22, 6), (12, 5), (14, 5), (27, 5), (9, 6), (0, 6), (25, 5), (15, 6), (2, 6), (13, 6), (26, 6), (7, 5)}

Alpha = 0.1;
Iterations = 50;
Total cost = 121.0;
Execution time = 147163.8264340004;
