Crossing 17 , with camera model 4,
operates days: [0, 1, 1, 1, 1, 1, 0],
covers (j, d): {(12, 4), (23, 4), (34, 1), (45, 1), (27, 4), (5, 1), (17, 3), (28, 3), (42, 2), (0, 5), (2, 2), (11, 5), (32, 3), (43, 3), (46, 2), (15, 5), (6, 2), (26, 5), (7, 1), (18, 1), (29, 4), (40, 4), (4, 2), (34, 3), (45, 3), (5, 3), (8, 2), (17, 5), (9, 1), (19, 2), (28, 5), (30, 2), (42, 4), (2, 4), (32, 5), (43, 5), (46, 4), (13, 1), (24, 1), (35, 1), (48, 1), (6, 4), (7, 3), (18, 3), (21, 2), (22, 3), (34, 5), (36, 2), (37, 1), (45, 5), (47, 2), (5, 5), (8, 4), (19, 4), (9, 3), (30, 4), (41, 1), (13, 3), (24, 3), (35, 3), (38, 2), (49, 2), (7, 5), (18, 5), (21, 4), (39, 3), (22, 5), (36, 4), (27, 1), (3, 1), (14, 1), (37, 3), (47, 4), (9, 5), (0, 2), (11, 2), (41, 3), (1, 3), (13, 5), (15, 2), (16, 1), (24, 5), (25, 4), (26, 2), (35, 5), (38, 4), (49, 4), (39, 5), (20, 1), (31, 1), (3, 3), (14, 3), (17, 2), (28, 2), (37, 5), (11, 4), (41, 5), (32, 2), (43, 2), (33, 1), (44, 1), (1, 5), (15, 4), (6, 1), (16, 3), (26, 4), (20, 3), (31, 3), (34, 2), (45, 2), (3, 5), (5, 2), (4, 4), (14, 5), (17, 4), (28, 4), (29, 2), (32, 4), (43, 4), (10, 1), (33, 3), (44, 3), (16, 5), (7, 2), (18, 2), (48, 3), (20, 5), (22, 2), (31, 5), (12, 1), (23, 1), (34, 4), (45, 4), (47, 1), (5, 4), (9, 2), (10, 3), (13, 2), (24, 2), (25, 1), (33, 5), (35, 2), (44, 5), (7, 4), (18, 4), (39, 2), (40, 2), (29, 1), (40, 1), (48, 5), (22, 4), (12, 3), (23, 3), (37, 2), (27, 3), (41, 2), (42, 1), (10, 5), (1, 2), (0, 4), (2, 1), (13, 4), (24, 4), (25, 3), (26, 1), (35, 4), (46, 1), (39, 4), (29, 3), (40, 3), (12, 5), (3, 2), (14, 2), (4, 1), (23, 5), (37, 4), (27, 5), (41, 4), (32, 1), (8, 1), (19, 1), (30, 1), (42, 3), (43, 1), (1, 4), (2, 3), (16, 2), (25, 5), (46, 3), (6, 3), (20, 2), (29, 5), (21, 1), (31, 2), (40, 5), (3, 4), (14, 4), (4, 3), (36, 1), (8, 3), (19, 3), (30, 3), (33, 2), (42, 5), (44, 2), (2, 5), (16, 4), (46, 5), (48, 2), (38, 1), (49, 1), (6, 5), (20, 4), (22, 1), (21, 3), (31, 4), (4, 5), (36, 3), (47, 3), (8, 5), (10, 2), (9, 4), (0, 1), (11, 1), (19, 5), (30, 5), (33, 4), (44, 4), (48, 4), (39, 1), (15, 1), (38, 3), (49, 3), (21, 5), (12, 2), (23, 2), (36, 5), (27, 2), (47, 5), (17, 1), (28, 1), (10, 4), (1, 1), (0, 3), (11, 3), (25, 2), (15, 3), (26, 3), (38, 5), (49, 5)}

Crossing 48 , with camera model 4,
operates days: [1, 0, 0, 0, 0, 0, 1],
covers (j, d): {(4, 0), (37, 6), (8, 0), (19, 0), (30, 0), (10, 6), (21, 0), (36, 0), (47, 0), (27, 6), (3, 6), (38, 0), (49, 0), (29, 6), (16, 6), (40, 6), (0, 0), (11, 0), (46, 6), (33, 6), (15, 0), (26, 0), (6, 6), (17, 0), (28, 0), (19, 6), (30, 6), (32, 0), (43, 0), (34, 0), (45, 0), (36, 6), (12, 6), (23, 6), (5, 0), (47, 6), (25, 6), (7, 0), (18, 0), (22, 0), (9, 0), (42, 6), (35, 0), (13, 0), (24, 0), (15, 6), (2, 6), (26, 6), (39, 0), (37, 0), (4, 6), (41, 0), (32, 6), (8, 6), (43, 6), (1, 0), (34, 6), (21, 6), (45, 6), (3, 0), (14, 0), (5, 6), (16, 0), (38, 6), (49, 6), (20, 0), (31, 0), (22, 6), (33, 0), (44, 0), (35, 6), (0, 6), (11, 6), (24, 6), (48, 0), (39, 6), (41, 6), (17, 6), (28, 6), (10, 0), (1, 6), (12, 0), (23, 0), (14, 6), (27, 0), (25, 0), (29, 0), (40, 0), (20, 6), (7, 6), (18, 6), (31, 6), (42, 0), (44, 6), (9, 6), (2, 0), (46, 0), (48, 6), (13, 6), (6, 0)}

Alpha = 0.1;
Iterations = 50;
Total cost = 85.0;
Execution time = 330060.82327400055;
